   4   58 
   1  198 
   6   22 
   6   13 
   5   44 
   1  198 
   6   22 
   9   35 
   1  235 
   6   13 
   8  427 
   6   26 
   1  235 
   6   13 
   6   13 
   4   68 
   6   13 
   8  213 
   5  179 
   6   83 
   3   84 
   8  123 
   9   24 
   4   79 
   6   13 
   5   44 
   6   13 
   9   42 
   6   13 
   1  235 
   6   13 
   9   42 
   1  122 
   5   23 
   6   33 
   4   35 
   8  111 
   9   22 
   3   32 
   3   17 
   6   33 
   5  112 
   6   13 
   3   20 
   2  621 
   6   13 
   6   13 
   5   44 
   6   26 
   9   84 
   8  213 
   6   13 
   9   42 
   6   13 
   9   35 
   3   17 
   6   11 
   9   42 
   6   13 
   6   11 
   5   37 
   3   53 
   2  621 
   6   13 
   5   88 
   6   26 
   5   44 
   6   13 
   3   30 
   4  151 
   6   38 
   9   31 
   9   71 
   6   22 
   3   35 
   8  138 
   6   33 
   9   55 
   3   13 
   5   28 
   6   13 
   5   44 
   6   26 
   9   84 
   9   42 
   6   13 
   9  127 
   6   39 
   1  305 
   6   76 
   8  138 
   9   82 
   5   86 
   3   76 
   2  323 
   5   23 
   6   40 
   8  111 
   9   22 
   4   71 
   2  621 
   6   13 
   5   65 
   6   28 
   3   30 
   9   31 
   6   13 
   9   42 
   4   68 
   6   13 
   6   13 
   8  213 
   6   13 
   1  235 
   6   13 
   4   68 
   6   13 
   5   44 
   3   17 
   6   11 
   5   37 
   6   13 
   5   44 
   5   28 
   1  152 
   3   27 
   6   25 
   8  138 
   6   13 
   5   44 
   6   13 
   4   68 
   4   89 
   6  237 
   8  277 
   3   40 
   5  689 
   4   68 
   6   13 
   6   26 
   8  427 
   4   58 
   9   35 
   6   22 
   6   13 
   8  213 
   8  213 
   6   13 
   5  177 
   6   52 
   1  235 
   6   13 
   6   13 
   5   44 
   6   13 
   4   68 
   6   13 
   4   68 
   4   68 
   6   13 
   8  427 
   6   26 
   6   13 
   5   44 
   6   13 
   2  621 
   6   13 
   8  213 
   6   11 
   3   35 
   5   37 
   4   68 
   6   13 
   6   13 
   5   44 
   6   11 
   5   37 
   3   17 
   6   52 
   4  275 
   8  641 
   6   39 
   9   42 
   6   13 
   9   42 
   6   13 
   6   39 
   8  641 
   2  621 
   6   13 
   5   88 
   6   26 
   8  213 
   6   13 
   6   13 
   5   44 
   6   13 
   5   44 
   6   13 
   5   44 
   6   13 
   9   42 
   6   13 
   7  593 
   6   26 
   5   88 
   9  107 
   4  116 
   6   55 
   6   13 
   9   42 
   6   13 
   5   44 
   6   13 
   4   68 
   6   13 
   4   68 
   9   84 
   6   26 
   6   13 
   9   42 
   6   13 
   8  213 
   6   13 
   5   44 
   6   13 
   5   44 
   6   13 
   4   68 
   4   68 
   6   13 
   6   28 
   5   65 
   3   15 
   4   50 
   6   13 
   5   44 
   6   13 
   9   42 
   6   26 
   8  427 
   9   35 
   4   58 
   6   22 
   5   44 
   6   13 
   5   44 
   6   13 
   6   13 
   1  235 
   4   68 
   6   13 
   3   17 
   5   37 
   6   11 
   1  470 
   6   26 
   9   42 
   6   13 
   4   68 
   6   13 
   9   42 
   6   13 
   6   13 
   4   68 
   6   13 
   9   42 
   6   13 
   8  213 
   9   42 
   6   13 
   6   22 
   2  524 
   9   35 
   6   13 
   5   44 
   6   13 
   9   42 
   6   52 
   5  177 
   6   13 
   5   44 
   6   13 
   9   42 
   8  361 
   9   35 
   6   33 
   6   13 
   1  235 
   5   44 
   6   13 
   6   11 
   1  198 
   3   70 
   6   22 
   8  180 
   4   58 
   6   13 
   5   44 
   8  213 
   6   13 
   6   13 
   5   44 
   3  230 
   7 1502 
   6   33 
   6   13 
   9   42 
   3   15 
   9   31 
   6   19 
   5   32 
   6   13 
   5   44 
   6   13 
   5   44 
   6   13 
   5   44 
   6   13 
   5   44 
   6   13 
   5   44 
   5   74 
   4   58 
   6   33 
   6   13 
   4   68 
   6   13 
   5   44 
   6   26 
   4  137 
   6   13 
   1  235 
   6   13 
   5   44 
   6   13 
   9   42 
   4  116 
   6   55 
   5  112 
   8  213 
   6   13 
   5   44 
   6   13 
   5   44 
   6   13 
   6   13 
   9   42 
   4   68 
   6   13 
   6   39 
   5  132 
   4  116 
   6   33 
   5   37 
   8  213 
   6   13 
   5   37 
   6   22 
   9   35 
   5  149 
   6   44 
   3   17 
   5   44 
   6   13 
   5   37 
   6   11 
   3   17 
   9   84 
   6   26 
   9   84 
   6   26 
   6   13 
   9   42 
   6   78 
   9  254 
   6   13 
   4   68 
   3   35 
   9   35 
   6   11 
   5   44 
   6   13 
   5   44 
   6   13 
   6   13 
   2  621 
   5   88 
   6   26 
   6   52 
   5  177 
   9   42 
   6   13 
   6   13 
   9   42 
   6   13 
   4   68 
   6   13 
   9   42 
   5   44 
   6   13 
   9   42 
   6   13 
   6   13 
   5   44 
   4   68 
   6   13 
   5   88 
   6   26 
   9   42 
   6   13 
   5   37 
   9   35 
   6   22 
   6   13 
   5   44 
   5   44 
   6   13 
   6   13 
   4   68 
   9   42 
   6   13 
   6   22 
   4   58 
   9   35 
   9  127 
   6   39 
   1  235 
   6   13 
   9  127 
   6   39 
   4   58 
   6   22 
   9   35 
   6   13 
   9   42 
   9   42 
   6   13 
   5   44 
   6   13 
   6   13 
   5   44 
   4   68 
   6   13 
   6   13 
   5   44 
   7  500 
   6   11 
   3   17 
   6   13 
   5   44 
   5   44 
   6   13 
   6   11 
   3   17 
   5   37 
   6   13 
   2  621 
   9   84 
   6   26 
   9   42 
   6   13 
   2  621 
   6   13 
   4  116 
   5   74 
   6   44 
   6   26 
   8  427 
   6   13 
   1  235 
   6   13 
   9   42 
   6   55 
   5  149 
   1  198 
   9   42 
   6   13 
   5   37 
   6   22 
   1  198 
   5   44 
   6   13 
   9   42 
   6   13 
   9   42 
   6   13 
   6   13 
   4   68 
   6   13 
   4   68 
   9   42 
   6   13 
   9   42 
   6   13 
   4   68 
   6   13 
   9   42 
   6   13 
   4   68 
   6   13 
   6   26 
   5   88 
   2  621 
   6   13 
   6   13 
   4   68 
   6   13 
   4   68 
   4  137 
   6   26 
   1  198 
   4  116 
   6   33 
   6   83 
   4   39 
   7 1030 
   8  123 
   9   98 
   5   51 
   5   32 
   6   86 
   9  155 
   1  517 
   4   68 
   6   13 
   4   68 
   6   13 
   4   68 
   6   13 
   6   26 
   9   84 
   9   42 
   6   13 
   6   26 
   9   84 
   6   13 
   5   44 
   9   42 
   6   13 
   6   28 
   4  101 
   8  157 
   3   46 
   5   44 
   6   13 
   3    9 
   8  100 
   0 1287 
   9   39 
   4   64 
   5   41 
   1  220 
   6   67 
   4   58 
   0 1159 
   6   22 
   6   52 
   9  169 
   9   84 
   6   26 
   8  213 
   6   13 
   6   26 
   5   88 
   5   44 
   6   13 
   4   68 
   6   13 
   9   42 
   6   13 
   4   68 
   6   13 
   3   17 
   9   35 
   6   11 
   6  143 
   9   31 
   4  303 
   5  260 
   9   42 
   6   13 
   2  621 
   6   13 
   5   37 
   6   11 
   3   17 
   9   35 
   6   66 
   4  290 
   6   13 
   2  621 
   5   44 
   6   13 
   6   13 
   1  235 
   4   68 
   6   13 
   4   39 
   1  136 
   6   37 
   5   25 
   8  123 
   9   24 
   9   42 
   6   13 
   6   13 
   5   44 
   6   13 
   5   44 
   6   26 
   5   88 
   9   71 
   5   37 
   6   33 
   4   68 
   6   13 
   6   39 
   5  132 
   6   13 
   4   68 
   6   13 
   5   44 
   6   13 
   5   44 
   6   13 
   4   68 
   7  435 
   9   31 
   2  456 
   6   28 
   8  180 
   9   35 
   6   22 
   4  137 
   6   26 
   6   52 
   4  275 
   6   52 
   5  177 
   7  435 
   2  456 
   4   50 
   6   28 
   6   13 
   5   44 
   8  213 
   6   13 
   9   42 
   6   13 
   3   30 
   9   31 
   1  172 
   6   19 
   6   66 
   5   74 
   9  143 
   9   42 
   6   13 
   9   42 
   6   13 
   2  621 
   6   13 
   6   13 
   4   68 
   4   68 
   6   13 
   3  106 
   6   22 
   1  397 
   6   13 
   9   42 
   8  180 
   6   22 
   5   37 
   9   42 
   6   13 
   4  206 
   6   39 
   6   26 
   9   84 
   6   13 
   5   44 
   9   42 
   6   13 
   9   42 
   6   13 
   9   42 
   6   13 
   6   39 
   5  132 
   5   44 
   6   13 
   6   13 
   5   44 
   6   13 
   9   42 
   9   42 
   6   13 
   4   58 
   6   22 
   5   37 
   9   42 
   6   13 
   3   53 
   6   11 
   7  500 
   8  361 
   6   33 
   4   58 
   6  121 
   8  903 
   5  224 
   6   13 
   5   44 
   5   44 
   6   13 
   4  206 
   6   39 
   8  213 
   6   13 
   9   42 
   6   13 
   6   13 
   5   44 
   4   68 
   6   13 
   9   42 
   6   13 
   1  235 
   6   13 
   6   39 
   5  132 
   7 1502 
   8  180 
   6   44 
   1  235 
   6   13 
   0 1373 
   6   13 
   5   44 
   6   13 
   6   13 
   4   68 
   4  116 
   6   44 
   9   71 
   6   13 
   9   42 
   6   22 
   9   35 
   5   37 
   9  127 
   6   39 
   6   13 
   4   68 
   1  235 
   6   13 
   6   13 
   5   44 
   9   42 
   6   13 
   8  180 
   5  112 
   6   44 
   4   68 
   6   13 
   5  132 
   6   39 
   9   42 
   6   13 
   9   42 
   6   13 
   8  213 
   6   13 
   9   42 
   6   13 
   6   13 
   5   44 
   4  137 
   6   26 
   3   17 
   9   35 
   6   11 
   5   44 
   6   13 
   6   13 
   1  235 
   6   11 
   3   35 
   5   37 
   6   13 
   5   44 
   5   37 
   6   11 
   3   35 
   6   13 
   8  213 
   9   42 
   6   13 
   0 1782 
   6   59 
   7  384 
   8  277 
   2  806 
   5   37 
   3   17 
   6   11 
   5  177 
   6   52 
   6   13 
   5   44 
   1  235 
   6   13 
   6   13 
   5   44 
   6   13 
   5   44 
   4   68 
   6   13 
   6   13 
   4   68 
   6   39 
   5  132 
   9   42 
   6   13 
   6   13 
   1  235 
   9   35 
   4   58 
   6   22 
   6   13 
   9   42 
   1  235 
   6   13 
   5   88 
   6   26 
   8  213 
   6   13 
   6   13 
   9   42 
   6   13 
   5   44 
   6   22 
   1  198 
   4   58 
   9   42 
   6   13 
   6   13 
   4   68 
   5   44 
   6   13 
   9   42 
   6   13 
   6   13 
   9   42 
   9   42 
   6   13 
   6   13 
   9   42 
   6   33 
   7 1001 
   0 1159 
   9   42 
   6   13 
   6   13 
   4   68 
   6   13 
   9   42 
   6   13 
   5   44 
   6   26 
   5   88 
   6   13 
   5   44 
   6   13 
   8  213 
   9   42 
   6   13 
   6   67 
   8  123 
   9   49 
   4   79 
   1  272 
   5   51 
   6   26 
   4  137 
   6   13 
   2  621 
   6   39 
   9  127 
   5  132 
   6   39 
   2  621 
   6   13 
   5   44 
   6   13 
   6   13 
   9   42 
   4   68 
   6   13 
   9  249 
   6  124 
   1  517 
   5   65 
   9   35 
   6   66 
   5  187 
   6   13 
   8  213 
   6   13 
   4   68 
   4   68 
   6   13 
   5   44 
   6   13 
   5   44 
   6   13 
   7  593 
   6   13 
   4   68 
   6   13 
   6   78 
   5  265 
   1  235 
   6   13 
   6   13 
   4   68 
   7  593 
   6   13 
   3   35 
   6   11 
   1  198 
   3   17 
   5   37 
   6   11 
   4   68 
   6   13 
   3   17 
   9   35 
   6   11 
   8  855 
   6   52 
   8  427 
   6   26 
   9   42 
   6   13 
   4   68 
   6   13 
   5   44 
   6   13 
   7  871 
   6   47 
   8  157 
   9   62 
   6   13 
   4   68 
   6   13 
   5   44 
   5   65 
   6   47 
   8  157 
   4  101 
   6   26 
   5   88 
   8  427 
   6   26 
   5   20 
   1  110 
   3    9 
   7  555 
   8  100 
   9   39 
   6   97 
   4   32 
   6   13 
   5   44 
   6   13 
   5   44 
   4   68 
   6   13 
   6   13 
   9   42 
   6   13 
   9   42 
   9   42 
   6   13 
   9   42 
   6   13 
   6   26 
   9   84 
   6   13 
   9   42 
   9   42 
   6   13 
   9   42 
   6   13 
   6   13 
   9   42 
   9   42 
   6   13 
   6   13 
   9   42 
   6   13 
   9   42 
   9   84 
   6   26 
   6   13 
   9   42 
   6   13 
   9   42 
   6   13 
   9   42 
   9   42 
   6   13 
   4   68 
   6   13 
   6   13 
   4   68 
   4   68 
   6   13 
   4   68 
   6   13 
   6   13 
   4   68 
   6   26 
   4  137 
   4   68 
   6   13 
   6   13 
   4   68 
   6   13 
   4   68 
   6   13 
   4   68 
   4   68 
   6   13 
   4   68 
   6   13 
   6   13 
   4   68 
   6   13 
   9   42 
   6   13 
   9   42 
   6   26 
   9   84 
   6   13 
   9   42 
   6   13 
   9   42 
   9   42 
   6   13 
   9   42 
   6   13 
   2  621 
   6   13 
   6   13 
   7  593 
   9   42 
   6   13 
   6   13 
   9   42 
   9   42 
   6   13 
   6   13 
   8  213 
   6   13 
   8  213 
   8  213 
   6   13 
   5   44 
   6   13 
   6   13 
   5   44 
   6   13 
   8  213 
   6   13 
   9   42 
   6   13 
   9   42 
   9   42 
   6   13 
   9   42 
   6   13 
   6   13 
   9   42 
   6   13 
   9   42 
   9   42 
   6   13 
   9   42 
   6   13 
   6   13 
   9   42 
   6   13 
   9   42 
   6   13 
   9   42 
   6   13 
   9   42 
   9   42 
   6   13 
   9   42 
   6   13 
   6   13 
   9   42 
   9   42 
   6   13 
   9   42 
   6   13 
   9   42 
   6   13 
   6   13 
   9   42 
   9   42 
   6   13 
   9   42 
   6   13 
   9   42 
   6   13 
   9   42 
   6   13 
   6   13 
   9   42 
   6   13 
   9   42 
   9   42 
   6   13 
   8  213 
   6   13 
   6   13 
   9   42 
   6   13 
   4   68 
   9   42 
   6   13 
   8  213 
   6   13 
   6   13 
   9   42 
   9   84 
   6   26 
   3   17 
   1  397 
   6   22 
   9   35 
   6   33 
   1  397 
   4  137 
   6   26 
   9   42 
   6   13 
   6   13 
   9   42 
   1  198 
   6   22 
   5   37 
   6   11 
   3   53 
   4   58 
   9   42 
   6   13 
   4   68 
   6   13 
   9   42 
   6   13 
   6   13 
   4   68 
   9   42 
   6   13 
   4   68 
   6   13 
   4  143 
   6   67 
   7  308 
   8  111 
   9   66 
   3   43 
   5   23 
   9   42 
   6   13 
   4   68 
   6   13 
   9   42 
   6   13 
   6   13 
   5   44 
   5   44 
   6   13 
   4  101 
   8  157 
   6   38 
   5   32 
   9   42 
   6   13 
   6   13 
   5   44 
   1  235 
   6   13 
   9   42 
   6   13 
   4   50 
   9   31 
   0 1008 
   6   28 
   9   84 
   6   26 
   6   13 
   5   44 
   9   84 
   6   26 
   9  297 
   6   91 
   5   37 
   6   22 
   4   58 
   5   44 
   6   13 
   6   13 
   9   42 
   9   42 
   6   13 
   6   13 
   7  593 
   5   76 
   4   79 
   2  359 
   7  343 
   0 1590 
   6   67 
   6   13 
   4   68 
   9   42 
   6   13 
   9   42 
   6   13 
   6   13 
   9   42 
   6   13 
   2  621 
   4   68 
   6   13 
   9  127 
   6   39 
   2  621 
   6   13 
   6   13 
   9   42 
   6   13 
   9   42 
   6   13 
   9   42 
   5   44 
   6   13 
   9   42 
   6   13 
   6   13 
   9   42 
   9   42 
   6   13 
   9   84 
   6   26 
   6   13 
   9   42 
   6   26 
   9   84 
   9  127 
   6   39 
   6   13 
   9   42 
   6   26 
   9   84 
   6   13 
   9   42 
   9   42 
   6   13 
   6   13 
   9   42 
   6   26 
   4  137 
   5 1609 
   9   35 
   6  484 
   6   13 
   9   42 
   5  398 
   6  117 
   5   37 
   4  174 
   6   44 
   6  117 
   4  619 
   4   68 
   6   13 
   5   51 
   4   39 
   0  795 
   9   24 
   6   45 
   1  136 
   6   26 
   5   88 
   9   42 
   6   13 
   4   68 
   6   13 
   4   68 
   6   13 
   9   42 
   6   13 
   4   68 
   6   13 
   5   74 
   6   33 
   4   58 
   4   58 
   6   22 
   5   37 
   1  152 
   9   27 
   6   33 
   4   44 
   5   28 
   4   68 
   6   13 
   2  621 
   6   13 
   6   13 
   5   44 
   4   68 
   6   13 
   6   22 
   5   37 
   4   58 
   6   13 
   4   68 
   3   17 
   4   58 
   6   11 
   9   62 
   4  101 
   6   38 
   3   30 
   6   33 
   8  138 
   9   55 
   3   13 
   5   28 
   6   13 
   5   44 
   6   13 
   5   44 
   6   13 
   2  621 
   6   39 
   4  206 
   6   13 
   4   68 
   6   13 
   7  593 
   5   44 
   6   13 
   9   42 
   6   13 
   2  621 
   6   13 
   4   58 
   9   35 
   6   22 
   6   13 
   5   44 
   8  427 
   6   26 
   6   13 
   4   68 
   6   13 
   4   68 
   9   42 
   6   13 
   9   35 
   3   35 
   6   11 
   9   42 
   6   13 
   9   42 
   6   13 
   6   13 
   4   68 
   6   26 
   9   84 
   5   44 
   6   13 
   1  235 
   6   13 
   6   33 
   4   58 
   9   71 
   6   13 
   9   42 
   6   26 
   9   84 
   6   13 
   9   42 
   4   68 
   6   13 
   4   68 
   6   13 
   6   26 
   4  137 
   6   26 
   9   84 
   4   68 
   6   13 
   2  621 
   6   13 
   5   44 
   6   13 
   5   44 
   6   13 
   6   13 
   5   44 
   1  235 
   6   13 
   8  213 
   6   13 
   6   13 
   5   44 
   9   84 
   6   26 
   6   26 
   4  137 
   9   35 
   3  212 
   6   11 
   6   52 
   1  940 
   6   22 
   9   35 
   5   37 
   9   35 
   5   37 
   6   22 
   6   26 
   5   88 
   5   44 
   6   13 
   6   26 
   4  137 
   9   42 
   6   13 
   4   68 
   6   13 
   8  213 
   6   13 
   6   52 
   9  169 
   6   13 
   8  213 
   5   88 
   6   26 
   6   13 
   5   44 
   6   22 
   5   37 
   9   35 
   6   13 
   4   68 
   9   35 
   6   22 
   4   58 
   4  413 
   6   78 
   9   35 
   6   11 
   3   17 
   6   13 
   1  235 
   4   58 
   6   22 
   5   37 
   5   28 
   9   27 
   6   33 
   1  152 
   4   44 
   5   44 
   6   13 
   6   13 
   4   68 
   6   13 
   9   42 
   6   13 
   1  235 
   6   13 
   0 1373 
   9   42 
   6   13 
   6   13 
   4   68 
   4   58 
   5   74 
   6   33 
   6   13 
   8  213 
   8  180 
   6   22 
   4   58 
   0 1159 
   5   37 
   6   22 
   9   42 
   6   13 
   5   37 
   1  198 
   6   22 
   6   13 
   5   44 
   4   68 
   6   13 
   6   26 
   9   84 
   6   13 
   9   42 
   6   13 
   9   42 
   6   11 
   3   53 
   5   37 
   4   68 
   6   13 
   6   26 
   5   88 
   6   13 
   9   42 
   6   13 
   2  621 
   5   44 
   6   13 
   9   42 
   6   13 
   6   22 
   4  116 
   3   17 
   6   13 
   4   68 
   6   13 
   9   42 
   6   26 
   5   88 
   9   42 
   6   13 
   6   39 
   4  206 
   6   39 
   4  206 
   4   50 
   5   32 
   9   31 
   6   28 
   0 1159 
   6   22 
   5   37 
   6   13 
   5   44 
   4   39 
   8  123 
   9   49 
   6   60 
   1  136 
   5   76 
   6   13 
   5   44 
   6   13 
   5   44 
   9   42 
   6   13 
   4   50 
   6   47 
   9   31 
   5   97 
   6   13 
   9   42 
   4  101 
   8  157 
   5   32 
   6   38 
   5   74 
   3   17 
   6   22 
   6   13 
   9   42 
   6   33 
   3   17 
   5  112 
   5   44 
   6   13 
   4   68 
   6   13 
   6   13 
   5   44 
   9   42 
   6   13 
   5   44 
   6   13 
   9   31 
   1  172 
   3   30 
   6   19 
   6   13 
   5   44 
   6   26 
   5   88 
   7  871 
   8  157 
   6   57 
   9   93 
   9  127 
   6   39 
   6   13 
   9   42 
   6   13 
   1  235 
   9   42 
   6   13 
   5   44 
   6   13 
   9   84 
   6   26 
   6   13 
   4   68 
   6   13 
   5   44 
   6   11 
   3   17 
   8  180 
   9  127 
   6   39 
   6   13 
   4   68 
   9   42 
   6   13 
   6   13 
   5   44 
   6   13 
   2  621 
   5   44 
   6   13 
   9   42 
   6   13 
   1  235 
   6   13 
   5  177 
   6   52 
   6   13 
   5   44 
   6   13 
   9   42 
   6   26 
   1  470 
   6   13 
   5   44 
   6   13 
   7  593 
   6   13 
   4   68 
   9   35 
   6   22 
   5   37 
   6   26 
   9   84 
   9   84 
   6   26 
   5   44 
   6   13 
   6   13 
   5   44 
   9   42 
   6   13 
   6   13 
   1  235 
   6   26 
   5   88 x
   8  157 
   4  101 
   9   31 
   6   38 
   9   42 
   6   13 
   6   13 
   1  235 
   5   37 
   3   17 
   6   11 
   6   13 
   5   44 
   6   13 
   4   68 
   6   13 
   9   42 
   6   26 
   4  137 
   4   68 
   6   13 
   4   68 
   6   13 
   6  169 
   5  575 
   5   44 
   6   13 
   5   44 
   6   13 
   8  213 
   6   13 
   6   13 
   8  213 
   4  116 
   6   33 
   5   37 
   9   42 
   6   13 
   6   13 
   5   44 
   9   42 
   6   13 
   5   37 
   6   22 
   4   58 
   6   13 
   5   44 
   6   28 
   8  157 
   9   31 
   5   32 
   6   33 
   8  180 
   9   71 
   6   44 
   8  180 
   5  112 
   5   44 
   6   13 
   4   68 
   6   13 
   9   42 
   6   13 
   4   68 
   6   13 
   4  556 
   6  124 
   1  172 
   5   32 
   4  116 
   3   70 
   6   22 
   6   13 
   9   42 
   6   99 
   9  286 
   4   58 
   9   84 
   6   26 
   6   13 
   4   68 
   3   17 
   5   37 
   6   11 
   6   39 
   4  206 
   6   13 
   5   44 
   6   26 
   4  137 
   6   52 
   8  855 
   9   42 
   6   13 
   6   13 
   2  621 
   2  621 
   6   13 
   5  132 
   6   39 
   6   13 
   9   42 
   5   44 
   6   13 
   5   44 
   6   13 
   6   13 
   0 1373 
   6   13 
   4   68 
   9   42 
   6   13 
   8  180 
   6   22 
   9   35 
   9   84 
   6   26 
   9   84 
   6   26 
   6   13 
   9   42 
   4   68 
   6   13 
   5   44 
   6   13 
   9   42 
   6   13 
   6   13 
   4   68 
   6   13 
   9   42 
   4  116 
   6   33 
   5   37 
   5   44 
   6   13 
   6   13 
   5   44 
   9  127 
   6   39 
   4   68 
   6   13 
   4  206 
   6   39 
   6   13 
   5   44 
   6   65 
   9  212 
   6   66 
   5  224 
   3   35 
   6   26 
   5   88 
   9   42 
   6   13 
   6   13 
   4   68 
   9   42 
   6   13 
   1  305 
   9  220 
   4   44 
   6   93 
   3  135 
   5   37 
   8  180 
   6   22 
   6   11 
   3   53 
   4   58 
   5   88 
   6   26 
   1  235 
   6   13 
   7  593 
   6   13 
   6   13 
   9   42 
   6   13 
   9   42 
   9   42 
   6   13 
   2  621 
   6   13 
   6   13 
   5   44 
   6   13 
   9   42 
   9  169 
   6   52 
   6   26 
   9   84 
   9   42 
   6   13 
   5   44 
   6   13 
   1  198 
   6   22 
   9   35 
   6   26 
   5   88 
   5   88 
   6   26 
   9   42 
   6   13 
   9   42 
   6   13 
   5   44 
   6   13 
   6   13 
   4   68 
   9   42 
   6   13 
   6   13 
   9   42 
   5   74 
   6   22 
   3   53 
   4   58 
   6   22 
   5   37 
   9   84 
   6   26 
   7  686 
   8  123 
   9   49 
   6   52 
   1  136 
   4   39 
   6   13 
   1  235 
   6   13 
   4   68 
   6   11 
   9   35 
   3   70 
   6  117 
   5  398 
   5   32 
   9   31 
   6   28 
   4   50 
   3  177 
   6   11 
   5   37 
   5   88 
   6   26 
   6   13 
   9   42 
   6   13 
   5   44 
   6   78 
   4  413 
   6   22 
   3   17 
   5   74 
   9   42 
   6   13 
   2  621 
   6   13 
   5  221 
   6   65 
   6   13 
   9   42 
   5   25 
   6   37 
   8  123 
   9   24 
   1  136 
   4   39 
   8  213 
   6   13 
   9   42 
   6   13 
   6   13 
   1  235 
   1  235 
   6   13 
   1  705 
   6   39 
   6  234 
   2 1242 
   6   13 
   5   44 
   6   13 
   5   44 
   9   42 
   6   13 
   5   37 
   6   11 
   3   17 
   4  137 
   6   26 
   5   44 
   6   13 
   6   13 
   8  213 
   6   13 
   5   44 
   6   13 
   1  235 
   0 1159 
   9   35 
   6   33 
   9   42 
   6   13 
   2  621 
   6   13 
   6   52 
   4  275 
   9  127 
   6   39 
   9   71 
   6   44 
   5   74 
   6   13 
   4   68 
   6   13 
   5   44 
   9   42 
   6   13 
   6   13 
   9   42 
   6   13 
   4   68 
   6   13 
   9   42 
   6   13 
   4   68 
   5   44 
   6   13 
   6   13 
   4   68 
   6   13 
   1  235 
   6   13 
   5   44 
   5   44 
   6   13 
   6   13 
   4   68 
   9   84 
   6   26 
   5   44 
   6   13 
   6   11 
   3   35 
   5   37 
   3   17 
   6   11 
   5   37 
   6   13 
   9   42 
   1  235 
   6   13 
   6   13 
   9   42 
   5   44 
   6   13 
   5   44 
   6   13 
   6   28 
   3   46 
   4  101 
   5   32 
   6   38 
   4  151 
   3   76 
   5   32 
   4  290 
   1  198 
   6   66 
   9   42 
   6   13 
   6   13 
   5   44 
   6   13 
   4   68 
   1  172 
   4   50 
   9   31 
   6   28 
   6   13 
   5   44 
   8  213 
   6   13 
   4   68 
   6   13 
   6   26 
   5   88 
   4   68 
   6   13 
   7 1186 
   6   26 
   9   42 
   6   13 
   6   13 
   8  213 
   6   22 
   8  180 
   5   37 
   5   65 
   6   57 
   9   93 
   4   50 
   5   32 
   6   57 
   8  157 
   9  124 
   5  187 
   4   58 
   6   66 
   6   13 
   4   68 
   7  593 
   6   13 
   5   37 
   3   53 
   6   11 
   4   68 
   6   13 
   6   13 
   5   44 
   6   13 
   4   68 
   4   58 
   1  397 
   6   33 
   9   42 
   6   13 
   6   13 
   8  213 
   6   26 
   9   84 
   6   13 
   9   42 
   9   42 
   6   13 
   6  169 
   9  551 
   6   13 
   9   42 
   6   13 
   9   42 
   6   39 
   9  127 
   9   42 
   6   13 
   9   84 
   6   26 
   0 1159 
   2 1049 
   6   33 
   2  238 
   0  526 
   7  681 
   4   26 
   6   65 
   8   81 
   5   67 
   1   90 
   9   16 
   3   96 
   4   68 
   6   13 
   6   13 
   4   68 
   6   13 
   5   44 
   4   68 
   6   13 
   6   13 
   4   68 
   6   13 
   1  235 
   6   13 
   5   44 
   9   42 
   6   13 
   1  235 
   6   13 
   6   13 
   4   68 
   9   35 
   6   22 
   5   37 
   1  172 
   6   28 
   5   32 
   4   50 
   6   26 
   5   88 
   6   26 
   5   88 
   6   13 
   9   42 
   6   26 
   1  470 
   6   59 
   4  134 
   5   57 
   9   27 
   1  152 
   6   11 
   1  198 
   3  477 
   9   42 
   6   13 
   6   13 
   5   44 
   9   42 
   6   13 
   6   13 
   2  621 
   1  235 
   6   13 
   1  152 
   6   33 
   8  138 
   5   28 
   4   44 
   5  149 
   6   55 
   4   58 
   6   13 
   4   68 
   6   13 
   4   68 
   5   44 
   6   13 
   5   37 
   6   11 
   3   17 
   4   79 
   8  123 
   1  136 
   9   24 
   5   25 
   6   45 
   4   68 
   6   13 
   6   11 
   2  524 
   3   53 
   9   42 
   6   13 
   9  551 
   6  169 
   9   42 
   6   13 
   6   13 
   9   42 
   9  212 
   6   65 
   6   13 
   9   42 
   6   13 
   4   68 
   8  213 
   6   13 
   9   42 
   6   13 
   6   13 
   5   44 
   3   17 
   4  174 
   6   33 
   5   74 
   4   58 
   6   33 
   6   22 
   9   35 
   1  198 
   6   13 
   9   42 
   7 1030 
   8  123 
   1  136 
   3  133 
   9  122 
   6   75 
   6   39 
   5  132 
   4  275 
   6   52 
   6   11 
   3  159 
   4   58 
   6   39 
   9  127 
   5   88 
   6   26 
   4   58 
   6   22 
   5   37 
   4   68 
   6   13 
   6   26 
   9   84 
   1  235 
   6   13 
   9  254 
   6   78 
   6   13 
   1  235 
   9   42 
   6   13 
   5   44 
   6   13 
   5   44 
   6   13 
   6   26 
   9   84 
   6   22 
   9   35 
   4   58 
   0 1159 
   9   35 
   6   22 
   6   13 
   9   42 
   6   13 
   9   42 
   3   53 
   9  143 
   6   44 
   6   13 
   9   42 
   9   35 
   3   35 
   6   11 
   9   84 
   6   26 
   1  198 
   6   11 
   3  106 
   6   13 
   1  235 
   6   13 
   9   42 
   9   42 
   6   13 
   6  110 
   9  286 
   4  116 
   6   26 
   9   84 
   4   50 
   9   31 
   6   28 
   5   32 
   6   13 
   5   44 
   5  221 
   6   65 
   6   13 
   5   44 
   6   13 
   5   44 
   9   84 
   6   26 
   3   17 
   9   35 
   6   11 
   4  137 
   6   26 
   5   44 
   6   13 
   6   13 
   9   42 
   5   88 
   6   26 
   6   26 
   9   84 
   6   13 
   9   42 
   6   13 
   9   42 
   5   44 
   6   13 
   5   44 
   6   13 
   6   13 
   5   44 
   6   13 
   5   44 
   6   47 
   9   31 
   5  130 
   3   30 
   6   26 
   4  137 
   6   39 
   9  127 
   6   13 
   5   44 
   5   44 
   6   13 
   5   44 
   6   13 
   6   44 
   9  143 
   3   17 
   9   42 
   6   13 
   9   42 
   6   13 
   9   42 
   6   13 
   6   39 
   9  127 
   6   13 
